16438,-6521010
8447,-12306107
16568,-3951749
8395,-5867098
49175,-10461088
12415,-7697344
20707,-8618893
49158,-1
12321,-9804193
24827,-2792050
32834,-8885418
20675,-6918834
49284,-1
16570,-12769518
49338,-12769518
4151,-1
124,-8955593
49248,-8495827
16385,-4737095
20608,-2830956
185,-6656435
49203,-2847180
32978,-8820318
40966,-1
16577,-10400975
49186,-9804193
12538,-12378592
70,-8553091
39,-1
43,-6316129
16455,-6052957
28831,-13030877
20498,-9145228
28807,-3951749
45182,-6656435
4200,-1
12393,-1
72,-6521010
213,-7978727
8437,-9621352
57493,-5861750
245,-9621352
4192,-8495827
45216,-13481039
20481,-8223869
37061,-12506089
53374,-12769518
12316,-8886951
12446,-10461088
28817,-12566721
28867,-6918834
53391,-6521010
12,-2370656
16515,-1
53408,-10125774
53399,-8227746
49303,-8227746
61591,-8227746
57495,-8227746
8360,-12888245
45207,-8227746
41111,-8227746
28682,-2594790
37058,-3358066
32778,-2594790
36874,-2594790
45100,-8750470
45073,-11058406
149,-6844275
4281,-6656435
37049,-6656435
16419,-473817
4186,-10941248
110,-9477271
8282,-10941248
12437,-6844275
16437,-6521010
143,-6521010
16544,-1776590
4165,-8816522
171,-1446676
49169,-10071759
8425,-7594210
12508,-1414648
227,-8618893
32802,-8228004
20700,-1414648
16484,-4840156
12387,-7509421
20634,-12763843
32837,-8816522
12523,-4401974
16582,-2308659
40987,-6657978
53407,-11775190
36919,-1
37007,-6521010
61451,-2594790
4290,-3358066
53259,-2594790
57355,-2594790
45067,-2594790
49163,-2594790
32845,-8553091
4260,-12769518
61627,-5678285
40971,-2594790
57399,-1
135,-3951749
20549,-8816522
36963,-7509421
24726,-6714747
12405,-9410206
4233,-5471124
16,-9211021
57370,-6521010
8328,-6656435
20640,-8467688
45193,-5734037
16567,-10007250
12374,-4164075
16635,-1003755
56,-8287089
154,-12763843
4293,-12506089
113,-13887974
32823,-1
242,-11314595
53398,-5861750
40995,-8836436
32806,-1
52,-15063247
12445,-9940153
8323,-1
8245,-6521010
20485,-12769518
41170,-8820312
8442,-12378592
20579,-7509421
16615,-9813469
20676,-6596554
20691,-8349041
16448,-7969486
32868,-4840156
41041,-1
45137,-1
41097,-5734037
49233,-1
53329,-1
57425,-1
66,-8819624
61521,-1
20594,-13887974
49181,-9804193
134,-10007250
16559,-1
20605,-12769518
41054,-6189943
8419,-8618893
12515,-8618893
41003,-6521010
16547,-5678285
36959,-11763815
45307,-13881713
1,-8553091
8390,-2308659
24642,-8885418
8355,-5678285
32900,-1
24759,-10007250
12530,-11314595
53282,-9804193
20713,-7594210
16551,-3684409
8427,-4401974
12311,-10461088
67,-8750470
86,-4164075
4131,-1018349
167,-3684409
28806,-10007250
161,-7895161
36990,-10007250
53266,-9145228
41178,-10395295
8269,-8553091
24611,-1208916
45079,-10461088
26,-6521010
49336,-3951749
58,-9746646
4216,-6707328
28780,-7183530
8300,-7183530
16520,-6656435
41110,-6190717
24760,-3951749
12483,-6918834
8412,-1414648
36915,-2847180
107,-6521010
41105,-12566721
24762,-12769518
49335,-10007250
8285,-7172981
16607,-476131
88,-11255757
28741,-8816522
32864,-8495827
211,-8481140
57511,-3684409
12521,-7594210
4343,-8951211
20731,-10573800
45308,-12170842
38,-1
57444,-4840156
36995,-1
36899,-15365743
16636,-1521866
16587,-5867098
8326,-10007250
4324,-15435385
8220,-8886951
12331,-8750470
40986,-6521010
12364,-1
41117,-7515834
8278,-4164075
4122,-6521010
41154,-3358066
20531,-2847180
16538,-12763843
16461,-8553091
28781,-8750470
20705,-1672803
173,-15592942
4173,-8553091
45214,-10461088
49221,-8816522
4166,-8553091
61509,-8816522
8414,-13524012
20523,-8750470
97,-8553091
4264,-10248049
0,-16777216
8298,-9474193
44,-6316129
41157,-12506089
57529,-6656435
37075,-8282222
20732,-8536791
41120,-8503631
4318,-13524012
33,-10461088
20678,-2308659
16554,-6458350
153,-8563633
170,-5731568
32938,-6458350
57,-10363947
36881,-13820916
28808,-6656435
37115,-15370360
8195,-10862820
37,-1
57503,-7389906
225,-1672803
4168,-6521010
61483,-1250846
4108,-5679071
8261,-8816522
180,-5876451
4195,-7509421
4346,-12378592
24736,-950620
187,-5678285
4351,-12240570
6,-1
8306,-13887974
32917,-6190717
20625,-12566721
4341,-9621352
20551,-6052957
95,-1
179,-5876451
28743,-6052957
36882,-9145228
24740,-12769518
32913,-12566721
12406,-12763843
28777,-1
8310,-12763843
4214,-12763843
118,-12763843
16401,-10071759
53277,-9804193
16509,-5678285
22,-14269559
61571,-1
32962,-3358066
220,-1414648
158,-10461088
16444,-9221331
12348,-9221331
20711,-9813469
8252,-9221331
4156,-9221331
60,-9221331
8209,-4675975
37024,-11829608
28732,-11851763
28778,-9474193
8415,-476131
24636,-9221331
20540,-9221331
4338,-11314595
49170,-7895161
16580,-6596554
235,-4401974
250,-12378592
57504,-6802894
4331,-4401974
36890,-6521010
4256,-2654670
10,-2594790
4106,-2594790
8202,-2594790
12298,-2594790
16394,-2594790
20490,-2594790
24586,-2594790
247,-8951211
28822,-6714747
53292,-8750470
133,-11413131
182,-5876451
8439,-8951211
37021,-7515834
53254,-1
109,-8750470
16428,-7183530
49301,-5861750
12452,-12769518
45107,-2847180
8292,-4840156
16617,-7594210
51,-2847180
53355,-6521010
61536,-8495827
37014,-6190717
32794,-6521010
16512,-2830956
16478,-6189943
160,-65794
36897,-10461088
12511,-476131
4134,-1
4099,-8956613
4191,-2588877
28789,-9410206
49370,-10395295
24671,-884827
12459,-12931111
147,-398258
16516,-1
8339,-398258
4243,-398258
16531,-398258
12435,-398258
24723,-398258
20627,-398258
32915,-398258
12475,-5678285
4328,-11574241
28819,-398258
37011,-398258
8351,-6989716
32984,-2040632
190,-6656435
216,-3290703
16600,-2040632
8287,-5092136
53344,-8495827
4253,-9940153
16460,-1
53433,-6656435
20630,-6714747
20534,-6521010
20588,-7183530
16389,-5678285
25,-10206414
20666,-12769518
230,-13947508
28771,-7509421
74,-8098965
24668,-4156283
20572,-4156283
32949,-5876451
16476,-4156283
12380,-4156283
8284,-4156283
16519,-3951749
20541,-10461088
4188,-4156283
92,-2705748
20584,-1
20514,-9804193
53458,-8820312
45162,-9474193
24770,-3358066
100,-3495048
12394,-9474193
41053,-7172981
16611,-8618893
198,-2308659
20546,-8819624
4203,-6521010
4347,-2072320
28852,-6139365
32875,-6521010
8223,-1
8297,-1
28924,-11775660
45241,-6656435
8342,-6844275
61623,-10007250
20577,-9013642
16518,-10007250
20710,-13947508
4210,-13887974
251,-3156522
12520,-11574241
49339,-5678285
49185,-9804193
12455,-3684409
8221,-9804193
41103,-6521010
41004,-6521010
41145,-6656435
16548,-12769518
28832,-11842741
24594,-7895161
61546,-9474193
4320,-10245097
49306,-12763843
37031,-3684409
4101,-10007250
4115,-6250945
8301,-8750470
162,-6661312
37009,-12566721
53,-6521010
226,-13157826
4348,-1866977
4202,-9474193
45213,-7515834
12518,-13947508
98,-8750470
157,-9940153
32939,-7434618
8259,-8750470
35,-1446676
4254,-11119018
45062,-1
45090,-9804193
16479,-1710797
24690,-13887974
4344,-9073085
13,-8487814
12471,-10007250
12472,-3951749
57387,-13887974
12539,-14448186
12448,-10118953
32797,-10461088
16453,-8816522
53354,-9474193
57515,-6281438
37051,-5678285
8424,-11574241
163,-5678285
12474,-12769518
53342,-6189943
12527,-1392552
4189,-7172981
32929,-7895161
20706,-13157826
103,-6842076
189,-3951749
30,-2302756
8253,-10461088
8288,-8495827
28786,-13887974
222,-13524012
116,-10010565
20576,-8495827
165,-8861595
20683,-5867098
41212,-8177743
34,-8228004
16450,-8819624
28839,-3684409
53380,-1
8320,-2436450
12386,-9013642
12339,-2847180
41029,-8816522
61589,-5861750
4213,-9410206
20486,-1
36898,-7499165
8296,-1
32953,-6656435
41153,-10400975
8242,-1
28835,-5678285
45253,-12506089
16445,-10461088
61624,-3951749
28843,-12696505
194,-3358066
4314,-10066587
40994,-9804193
8318,-3951749
16612,-15435385
16483,-7509421
4267,-1018349
41146,-12769518
20513,-9804193
4319,-476131
53303,-1
203,-5867098
41131,-8836436
45242,-12769518
199,-10470560
12418,-15461859
41118,-10461088
28725,-6521010
4235,-9995929
32874,-9474193
32774,-1
57439,-6737101
69,-8816522
37074,-8688725
16618,-15132387
16594,-8754522
244,-13339011
205,-5867098
232,-11574241
8436,-13339011
4316,-1414648
4325,-7642997
12352,-7969486
12385,-9275542
17,-6652595
16521,-5799572
8422,-13947508
32796,-7775152
45163,-6521010
45120,-7969486
16422,-1
41067,-6521010
32862,-6189943
20702,-13524012
12524,-6646949
8218,-6521010
24683,-6521010
28779,-6521010
53299,-2847180
4205,-8750470
114,-13887974
41127,-3684409
16418,-9804193
12402,-13887974
61458,-7238010
4317,-5425501
40,-1
5,-6521010
20712,-11574241
53410,-13359081
24739,-5678285
99,-3495048
36991,-7253986
4294,-2308659
4342,-13680501
4291,-6918834
28716,-1250846
8378,-12769518
20639,-9997004
16493,-8750470
20610,-15461859
8312,-6707328
32791,-10461088
4275,-5876451
93,-7172981
49362,-8820312
8347,-1514019
24629,-6521010
61523,-1
57427,-1
4139,-2436450
32954,-12769518
12481,-10400975
8376,-3951749
24645,-8816522
192,-5678285
8210,-7895161
53331,-1
49235,-1
45139,-1
41043,-1
8375,-10007250
8247,-1
41024,-7969486
8423,-9813469
12486,-2308659
12506,-10395295
8377,-6656435
16604,-1414648
20533,-6521010
4280,-3951749
12517,-7642997
8216,-2436450
45206,-6190717
4258,-11649495
12357,-8816522
12510,-13524012
61457,-11058406
8363,-4373325
12499,-8349041
4339,-7297369
20573,-7172981
45223,-3684409
12535,-8951211
12528,-6109897
32911,-6521010
219,-2630435
32839,-6052957
8256,-7969486
20643,-5678285
12293,-6656435
28690,-7238010
210,-8820318
55,-1
28,-8886951
28868,-6596554
49196,-7183530
24672,-8495827
32973,-5867098
8327,-3951749
12342,-6521010
4232,-6656435
16492,-7183530
20544,-7969486
49180,-7775152
8346,-12763843
12383,-10053160
204,-5867098
45149,-7172981
16616,-11574241
248,-9073085
24680,-1
233,-7594210
28875,-5867098
8440,-9073085
12442,-12763843
20530,-1
61484,-1250846
4307,-8282222
45199,-6521010
24681,-1
12519,-9813469
108,-7183530
32812,-6316129
123,-12178662
49245,-7172981
61534,-6189943
8367,-1
8434,-11314595
80,-1049605
20690,-8754522
8403,-8349041
101,-9606038
20637,-9940153
28857,-6656435
53274,-6521010
16434,-1
8309,-9410206
28866,-3358066
49403,-10470625
36907,-2436450
32955,-5678285
120,-6707328
24761,-6656435
16614,-13947508
20673,-10400975
4327,-9813469
53343,-10059981
12395,-6521010
61495,-1
53291,-8750470
18,-7895161
106,-9474193
36892,-7775152
155,-1250846
49195,-7183530
16532,-2368549
20628,-2368549
8340,-2368549
12436,-2368549
148,-2368549
4244,-2368549
197,-12506089
32916,-2368549
37012,-2368549
24724,-2368549
32927,-7902623
4279,-10007250
28820,-2368549
24732,-1579813
41147,-5678285
4180,-9746121
57362,-7895161
45091,-13289059
215,-12319738
4292,-6596554
156,-1250846
12444,-1250846
36945,-1
45083,-6657978
4124,-8886951
12317,-9804193
16498,-13887974
8246,-6521010
33020,-6645100
45243,-5678285
45266,-8820312
28738,-8885418
4113,-9940688
4125,-7499165
28715,-1250846
53276,-7775152
24631,-1
61691,-16250353
8289,-8750470
20524,-8750470
8226,-9804193
81,-1
4177,-1
8273,-1
12369,-1
16465,-1
20561,-1
24657,-1
28753,-1
32849,-1
16417,-9804193
36964,-4840156
218,-12303806
4222,-10007250
214,-9107961
73,-8098965
24675,-7509421
16435,-2847180
37050,-12769518
4182,-4164075
36971,-6521010
49283,-1
16514,-15461859
20515,-9389799
4231,-3951749
12473,-6656435
20714,-15132387
53435,-5678285
4345,-4900043
8349,-9940153
16606,-13524012
61535,-15132391
20664,-3951749
28689,-11058406
12338,-1
20663,-10007250
24619,-13887974
53271,-10461088
20708,-15435385
20580,-4840156
16439,-1
4163,-8750470
32,-1
8236,-6521010
4337,-1336651
8,-13745164
4104,-13745164
4171,-1
16392,-13745164
20488,-13745164
8200,-13745164
20503,-10461088
12534,-13680501
12296,-13745164
32776,-13745164
36872,-13745164
45183,-7253986
24584,-13745164
28680,-13745164
24647,-6052957
4224,-2436450
40993,-9804193
57522,-9802384
12349,-10461088
61618,-9802384
28828,-1579813
49330,-9802384
53426,-9802384
36887,-11119018
41138,-9802384
45234,-9802384
12543,-11583152
4,-8750470
4196,-4840156
20542,-10461088
12509,-5425501
31,-1
57437,-7172981
41119,-9025962
4251,-1579813
53283,-11244261
16480,-8495827
49309,-7515834
16459,-1
121,-2236507
8329,-5799572
41091,-1
4167,-6052957
234,-15132387
32963,-6918834
4174,-1049605
78,-1049605
12366,-1049605
183,-10007250
8270,-1049605
20558,-1049605
212,-8540673
16462,-1049605
28750,-1049605
24654,-1049605
28765,-7172981
45152,-8495827
201,-5867098
12500,-7095041
8404,-7752193
4308,-8080641
24725,-6714747
111,-1
8333,-16663793
37060,-6596554
12429,-16663793
16525,-16728560
20621,-16728560
32795,-6657978
122,-15988465
24717,-16728560
228,-15435385
28813,-15368190
8230,-1
8413,-5425501
57443,-7509421
12537,-4900043
61607,-3684409
32803,-7434618
141,-16667888
4237,-16667888
33019,-8553101
41086,-3951749
4228,-1
16501,-9410206
57353,-13745164
61449,-13745164
57379,-6281438
49161,-13745164
53257,-13745164
102,-2559756
8283,-4164075
238,-10574640
40969,-13745164
45065,-13745164
4130,-6717095
12314,-6521010
139,-8750470
53459,-8414321
4201,-1
8402,-8754522
132,-1
12425,-5799572
12396,-7183530
28836,-12769518
8193,-6327710
12322,-9804193
12365,-8553091
12540,-11881259
36928,-7969486
8411,-2630435
8410,-10395295
32811,-6316129
16613,-7642997
36957,-7172981
20508,-8886951
8435,-7297369
53499,-11969756
20612,-1
24669,-7172981
37059,-6918834
12433,-12566721
16413,-9804193
53265,-13820916
4204,-7183530
20586,-9474193
16449,-8822988
41,-398258
49247,-10073037
12512,-10245097
4321,-1672803
45089,-9804193
12423,-3951749
32964,-6596554
241,-1336651
24,-2436450
96,-8495827
57528,-3951749
24772,-6596554
37023,-11117733
32801,-10461088
16569,-6656435
16578,-3358066
32918,-6190717
32979,-8481140
16581,-12506089
4239,-6521010
8215,-10461088
36893,-10461088
16541,-9940153
4326,-13947508
12507,-2630435
24779,-5867098
12491,-5867098
8432,-6109897
16412,-8886951
4142,-8240849
36958,-6189943
49178,-6521010
28799,-7771341
8263,-6052957
4187,-4164075
32922,-12763843
28766,-6189943
57475,-1
252,-1973277
57595,-7462880
4334,-10574640
186,-12769518
20636,-1579813
4160,-7969486
15,-7896450
28710,-1
8385,-10400975
32930,-9870503
249,-4900043
46,-8240849
45111,-1
20547,-8750470
4162,-8819624
12536,-9073085
8299,-6521010
41037,-8553091
8444,-4172872
57530,-12769518
8441,-4900043
12422,-10007250
57438,-6189943
32899,-1
172,-6923198
184,-3951749
4263,-3684409
20660,-6139365
12350,-10461088
41155,-6918834
150,-6844275
49319,-3684409
12438,-6844275
4245,-6844275
28858,-12769518
4221,-10007250
28855,-10007250
8421,-7642997
24684,-7183530
20699,-2630435
8267,-1
49258,-9474193
207,-16667888
16407,-10461088
12529,-1336651
12294,-1
240,-6109897
41011,-2847180
45203,-398258
41107,-398258
57494,-5861750
53395,-398258
49299,-398258
61587,-398258
57491,-398258
61475,-15461095
8399,-16728560
4303,-16663793
12382,-6189943
12495,-11505355
53402,-12763843
20,-2428684
20677,-12506089
2,-7105645
45201,-12566721
128,-2436450
12531,-7297369
4289,-10400975
8243,-2847180
87,-9488844
16491,-6521010
28772,-4840156
243,-7297369
4114,-9145228
45249,-10400975
8416,-10245097
24710,-10007250
28856,-3951749
206,-1972566
45064,-13745164
49160,-13745164
12306,-7238010
40968,-13745164
41066,-9474193
117,-9410206
61448,-13745164
53256,-13745164
57352,-13745164
49259,-6521010
236,-6646949
16540,-1579813
12424,-6656435
45127,-6052957
24712,-6656435
181,-5876451
57527,-10007250
8350,-10461088
49302,-5861750
8356,-12769518
37013,-6190717
4282,-12769518
41059,-3495048
28803,-1
32961,-10400975
53466,-10395295
49312,-10138830
8227,-4373325
28869,-12506089
32950,-5876451
195,-6918834
12485,-12506089
45215,-11912357
126,-6521010
53281,-9804193
45133,-8553091
12341,-6521010
49363,-8414321
137,-6062229
16533,-6714747
41015,-1
8433,-1336651
20665,-6656435
20709,-7642997
8338,-6521010
36933,-8816522
28776,-1
24577,-8026746
8291,-7509421
8426,-15132387
16411,-8098744
202,-5603158
32970,-5603670
16586,-5603670
16610,-13157826
61600,-15198184
28821,-6714747
16543,-4553437
53434,-12769518
59,-16731374
145,-12566721
28731,-11115001
53415,-3684409
20539,-12420345
24635,-11504121
49337,-6656435
12347,-14316792
8197,-3951749
16443,-13729785
4155,-15553521
28767,-11776948
8251,-14907125
53409,-7895161
20574,-6189943
24718,-16728560
20622,-16728560
4241,-12566721
28814,-14505436
16605,-5425501
8334,-16663793
28707,-12696505
4238,-16667888
16526,-16728560
12451,-5678285
12430,-16663793
57450,-9474193
8322,-15461859
142,-16667888
188,-10007250
24693,-9410206
8335,-6521010
16446,-10461088
8219,-8098744
20629,-6714747
85,-6521010
57395,-2847180
8438,-13680501
8420,-15435385
4335,-1392552
57440,-8495827
8388,-6596554
20556,-1
37057,-10400975
20597,-9410206
61540,-3158846
32935,-3684409
49323,-9287896
36870,-1
4276,-5876451
24682,-9474193
45227,-13289059
49,-15461859
196,-6596554
16555,-473817
37026,-13359081
16603,-2630435
12392,-1
16390,-1
12397,-8750470
20545,-8822988
20585,-1
20587,-6521010
32867,-7509421
45150,-6189943
140,-8168640
45082,-6521010
8379,-5678285
4140,-2436450
4230,-10007250
112,-13887974
4257,-7895161
24670,-6189943
41109,-6190717
20614,-10007250
24640,-7969486
53405,-7515834
32926,-10461088
20607,-7771341
28923,-13223619
16608,-10245097
45187,-1
164,-12769518
12305,-6719927
53317,-8816522
12381,-7172981
174,-5913867
37047,-10007250
4255,-6204635
20497,-13820916
16451,-8750470
16481,-9013642
32861,-7172981
24735,-6205874
20617,-5799572
24593,-3223863
20647,-3684409
24756,-6139365
12379,-4164075
12363,-1
12414,-6656435
20651,-9389799
49229,-8553091
20611,-1
32832,-7969486
40977,-3223863
24659,-1
20563,-1
16467,-1
12516,-15435385
12371,-1
4332,-6646949
36947,-1
41060,-3495048
32851,-1
28755,-1
229,-7642997
246,-13680501
36908,-2436450
16602,-10395295
53397,-5861750
36970,-9474193
24769,-10400975
8443,-5689185
8372,-5876451
20507,-8098744
57596,-5753294
8275,-1
37048,-3951749
4179,-1
8359,-3684409
24771,-6918834
83,-1
4336,-6109897
4146,-1
16402,-7895161
8430,-10574640
4340,-13339011
89,-7375291
12522,-15132387
129,-9600908
61466,-6521010
136,-6656435
23,-10461088
32928,-6776680
16529,-12566721
12525,-3119937
16571,-5678285
32894,-6521010
24747,-1208916
53419,-11244261
36941,-8553091
41056,-8495827
32819,-2847180
12416,-2436450
4271,-1
20575,-8401895
4329,-7594210
104,-1
37022,-11119018
53406,-10461088
193,-10400975
24704,-2830956
231,-9813469
4315,-2630435
53379,-1
12332,-8750470
8268,-1
71,-6052957
49278,-5678285
12343,-1
28792,-7627655
4120,-2436450
36891,-6657978
53325,-8553091
20698,-10395295
20555,-1
12447,-9343863
61533,-7172981
61625,-6656435
16511,-7771341
8258,-8819624
4119,-11119018
16595,-8349041
12413,-6656435
237,-3119937
152,-5563639
20655,-1
4147,-2847180
24763,-5678285
12468,-5876451
45151,-13415246
8371,-5876451
28859,-5678285
20557,-8553091
16534,-6714747
61692,-15132129
12514,-13157826
45,-7183530
64,-7969486
40989,-9804193
4097,-6721182
28727,-1
49289,-5734037
200,-9285262
47,-6521010
4296,-9285262
24828,-1795659
28800,-2830956
8392,-9285262
12488,-9285262
16584,-9285262
20680,-10404512
12289,-5000266
45074,-7238010
159,-3034463
20641,-7895161
61588,-2368549
53396,-2368549
57492,-2368549
45204,-2368549
49300,-2368549
41108,-2368549
61626,-12769518
57531,-5678285
45125,-8816522
37042,-9802384
28850,-9802384
12315,-8098744
32946,-9802384
20658,-9802384
24754,-9802384
239,-1392552
24685,-8750470
36996,-1
49313,-7895161
61539,-3158846
61547,-6521010
20615,-3951749
32951,-10007250
37001,-5471124
57451,-6521010
12513,-1672803
4127,-1
131,-1
8290,-9013642
37082,-10066587
105,-1
27,-8098744
12355,-8750470
8341,-6844275
37116,-14380131
12326,-1
36960,-8495827
8337,-12566721
4193,-8750470
8417,-1672803
45066,-2594790
40970,-2594790
53258,-2594790
49162,-2594790
61450,-2594790
57354,-2594790
24627,-2847180
8317,-3951749
8387,-6918834
49246,-6189943
53341,-7172981
21,-10063738
24721,-12566721
32785,-10071759
4227,-1
20626,-6521010
16579,-6918834
49404,-8563659
32786,-7895161
4330,-15132387
16490,-9474193
4102,-1
61611,-15461095
12359,-6052957
32952,-3951749
24696,-7627655
28768,-8495827
45239,-10007250
45251,-6918834
40988,-7775152
14,-7369860
4194,-9275542
77,-8553091
45240,-3951749
20606,-12769518
12466,-9802384
41143,-10007250
16562,-9802384
4274,-9802384
41031,-6052957
125,-6521010
8370,-9802384
41144,-3951749
178,-9802384
12482,-3358066
37025,-7895161
49207,-1
41135,-1
7,-11316397
8389,-12506089
8429,-3119937
45250,-3358066
29,-10461088
28736,-7969486
28739,-8750470
12408,-6707328
41171,-8414321
12434,-6521010
4283,-5678285
45210,-12763843
32895,-7253986
82,-6380368
24707,-1
41055,-8437838
24676,-4840156
255,-11122857
19,-4013228
8386,-3358066
40983,-10461088
20703,-476131
12532,-13339011
20616,-6656435
37035,-15365743
36930,-8885418
45084,-7775152
8257,-8822988
12353,-8822988
41156,-6596554
4333,-3119937
4123,-8098744
61590,-5861750
12484,-6596554
16564,-6139365
32925,-7515834
49179,-6657978
53275,-6657978
20638,-10461088
49295,-6521010
224,-10245097
4149,-6521010
8428,-6646949
12419,-1
4322,-13157826
8198,-1
20509,-9804193
20704,-10245097
57361,-3223863
12384,-8495827
12297,-13745164
16393,-13745164
4105,-13745164
8201,-13745164
28681,-13745164
32777,-13745164
20489,-13745164
24585,-13745164
12388,-4840156
9,-13745164
37015,-8227746
8235,-6521010
24727,-8227746
20631,-8227746
20642,-13359081
32919,-8227746
28823,-8227746
8343,-8227746
4247,-8227746
36873,-13745164
16535,-8227746
12439,-8227746
20600,-7627655
16545,-7895161
151,-8227746
4252,-1250846
4223,-7697344
36935,-6052957
4246,-6844275
49311,-11717853
138,-11106679
4323,-8618893
49314,-9870503
168,-9786730
4259,-5678285
24643,-8750470
24620,-13887974
223,-476131
12403,-1
8307,-1
4306,-8688725
4211,-1
115,-1
16477,-7172981
53432,-3951749
127,-7697344
191,-12769518
57413,-8816522
49187,-9287896
208,-6980537
12526,-10574640
32779,-2594790
36875,-2594790
53431,-10007250
24587,-2594790
28683,-2594790
12354,-8819624
16395,-2594790
20667,-5678285
20491,-2594790
8203,-2594790
16504,-7627655
12299,-2594790
20674,-3358066
11,-2594790
84,-9746121
4107,-2594790
16510,-5678285
8254,-10461088
28865,-10400975
49310,-10461088
12463,-1
53385,-5734037
8352,-5157929
32863,-6710887
45252,-6596554
91,-4164075
24711,-3951749
24703,-7771341
24773,-12506089
12498,-8754522
45085,-9804193
20518,-1
20589,-8750470
32965,-12506089
53500,-10389716
45099,-8750470
4299,-5867098
8286,-6189943
12533,-9621352
12323,-12931111
175,-1
3,-7970749
4172,-1
41114,-12763843
24743,-3684409
16527,-6521010
41211,-10215524
20701,-5425501
32986,-12041919
45274,-10395295
12431,-6521010
94,-6189943
4129,-6717095
20644,-12769518
61599,-14346736
79,-8540673
20535,-1
4190,-6189943
48,-9995929
28723,-2847180
40978,-7895161
16609,-1672803
41087,-7253986
8431,-1392552
32905,-6062229
45267,-8414321
16488,-1
16427,-7183530
16489,-1
20623,-6521010
57388,-13887974
42,-2368549
221,-5425501
61491,-2847180
16530,-6521010
16542,-10461088
16546,-9870503
8319,-7697344
8225,-9804193
45205,-6190717
24614,-1
169,-5453634
8348,-1250846
8418,-13157826